0
1
1
566
2026
3486
4946
6406
7866
9013
10473
11933
13393
14853
16313
17205
18665
20125
21585
23045
24505
25397
26857
28317
29777
31237
32697
33589
35049
36509
37969
39429
40889
41781
43241
44701
46161
47621
49081
49973
51433
52893
54353
55813
57273
58165
59625
61085
62545
64005
65465
66357
67817
69277
70737
72197
73657
74549
76009
77469
78929
80389
81849
82741
84201
85661
87121
88581
90041
90933
92393
93853
95313
96773
98233
99125
100585
102045
103505
104965
106425
107317
108777
110237
111697
113157
114617
115509
116969
118429
119889
121349
122809
123701
125161
126621
128081
129541
131001
131893
133353
134813
136273
137733
139193
140085
141545
143005
144465
145925
147385
148277
149737
151197
152657
154117
155577
156469
157929
159389
160849
162309
163769
164091
